Timestamp,Vid,Type,Title,Status,Size,Latency
164429686,692700000,HTTP,Page 1,200,17,163488749
278943343,692700000,HTTP,Page 2,200,8,114281000
280389568,692700001,HTTP,Page 1,200,17,179734832
360362366,692700002,HTTP,Page 1,200,17,159709953
439890027,692700003,HTTP,Page 1,200,17,139169199
445312476,692700001,HTTP,Page 2,200,8,164840137
524674356,692700002,HTTP,Page 2,200,8,164195586
528398478,692700004,HTTP,Page 1,200,17,127697140
602993484,692700003,HTTP,Page 2,200,8,163021420
638084099,692700000,HTTP,Page SSL,200,8083,357561019
662109335,692700005,HTTP,Page 1,200,17,161150750
666057412,692700004,HTTP,Page 2,200,8,137543917
774099365,692700001,HTTP,Page SSL,200,8083,326971604
775389468,692700000,HTTP,Page 1,200,17,137206407
778459662,692700006,HTTP,Page 1,200,17,177490643
841113089,692700002,HTTP,Page SSL,200,8083,314665401
842353531,692700007,HTTP,Page 1,200,17,141190943
843375955,692700005,HTTP,Page 2,200,8,181180661
942092527,692700008,HTTP,Page 1,200,17,123048331
943007575,692700000,HTTP,Page 2,200,8,167470958
946503857,692700001,HTTP,Page 1,200,17,172268521
949847885,692700006,HTTP,Page 2,200,8,171245408
956318509,692700003,HTTP,Page SSL,200,8083,351781906
1013853268,692700007,HTTP,Page 2,200,8,171388483
1014851632,692700002,HTTP,Page 1,200,17,173617421
1032169233,692700004,HTTP,Page SSL,200,8083,364238824
1126432966,692700003,HTTP,Page 1,200,17,169990210
1130486769,692700009,HTTP,Page 1,200,17,201410599
1134492852,692700008,HTTP,Page 2,200,8,192207167
1150738885,692700001,HTTP,Page 2,200,8,203430944
1193440933,692700005,HTTP,Page SSL,200,8083,349094948
1211297399,692700002,HTTP,Page 2,200,8,196290932
1217041695,692700004,HTTP,Page 1,200,17,184606046
1219003175,692700010,HTTP,Page 1,200,17,189561257
1307753291,692700011,HTTP,Page 1,200,17,178140809
1308045560,692700003,HTTP,Page 2,200,8,181505898
1309202947,692700009,HTTP,Page 2,200,8,178555166
1330239603,692700006,HTTP,Page SSL,200,8083,379862100
1330946629,692700000,HTTP,Page SSL,200,8083,387451892
1382470801,692700012,HTTP,Page 1,200,17,152632428
1383076433,692700005,HTTP,Page 1,200,17,189539649
1392207347,692700007,HTTP,Page SSL,200,8083,376105473
1393127228,692700004,HTTP,Page 2,200,8,175883469
1398481139,692700010,HTTP,Page 2,200,8,179332967
1491468826,692700011,HTTP,Page 2,200,8,183512815
1493421544,692700013,HTTP,Page 1,200,17,159910014
1510529319,692700000,HTTP,Page 1,200,17,179415722
1513554681,692700001,HTTP,Page SSL,200,8083,359919514
1516542975,692700006,HTTP,Page 1,200,17,186139374
1520948513,692700008,HTTP,Page SSL,200,8083,385997093
1557812728,692700007,HTTP,Page 1,200,17,165419478
1565121006,692700014,HTTP,Page 1,200,17,131000603
1572778863,692700012,HTTP,Page 2,200,8,190123000
1582730727,692700005,HTTP,Page 2,200,8,199522725
1587357896,692700002,HTTP,Page SSL,200,8083,373666743
1676219646,692700015,HTTP,Page 1,200,17,141823884
1678918300,692700009,HTTP,Page SSL,200,8083,367064270
1681907479,692700003,HTTP,Page SSL,200,8083,371763375
1683577969,692700008,HTTP,Page 1,200,17,162495788
1687441357,692700001,HTTP,Page 1,200,17,173699920
1692876418,692700006,HTTP,Page 2,200,8,176170699
1694226740,692700013,HTTP,Page 2,200,8,200708420
1695418853,692700000,HTTP,Page 2,200,8,184715469
1761206681,692700002,HTTP,Page 1,200,17,173547873
1781999308,692700007,HTTP,Page 2,200,8,224047127
1789311891,692700014,HTTP,Page 2,200,8,224009040
1807545363,692700004,HTTP,Page SSL,200,8083,413693430
1818495808,692700010,HTTP,Page SSL,200,8083,417664725
1832178076,692700015,HTTP,Page 2,200,8,155817423
1842416372,692700009,HTTP,Page 1,200,17,163382281
1863043968,692700011,HTTP,Page SSL,200,8083,370884638
1885502060,692700016,HTTP,Page 1,200,17,250706225
1897425220,692700001,HTTP,Page 2,200,8,209843215
1909035366,692700003,HTTP,Page 1,200,17,226932594
1910329333,692700008,HTTP,Page 2,200,8,225576392
1935397361,692700002,HTTP,Page 2,200,8,173751236
1940196730,692700017,HTTP,Page 1,200,17,204824990
1992305964,692700012,HTTP,Page SSL,200,8083,419137188
2011572381,692700004,HTTP,Page 1,200,17,203702775
2023167045,692700010,HTTP,Page 1,200,17,204520852
2030095078,692700011,HTTP,Page 1,200,17,166958242
2038232966,692700009,HTTP,Page 2,200,8,195697946
2038333141,692700006,HTTP,Page SSL,200,8083,344922442
2048548907,692700005,HTTP,Page SSL,200,8083,463838280
2079119632,692700018,HTTP,Page 1,200,17,237203990
2091534980,692700000,HTTP,Page SSL,200,8083,394790019
2104293948,692700014,HTTP,Page SSL,200,8083,312852319
2106945246,692700013,HTTP,Page SSL,200,8083,412049687
2110364171,692700003,HTTP,Page 2,200,8,201152338
2113322339,692700017,HTTP,Page 2,200,8,172824616
2118482539,692700016,HTTP,Page 2,200,8,232780939
2122983973,692700019,HTTP,Page 1,200,17,180981967
2174621192,692700007,HTTP,Page SSL,200,8083,391553952
2211532707,692700012,HTTP,Page 1,200,17,219060301
2216567147,692700015,HTTP,Page SSL,200,8083,382467066
2231511724,692700005,HTTP,Page 1,200,17,182832341
2240544797,692700010,HTTP,Page 2,200,8,217252361
2276740313,692700004,HTTP,Page 2,200,8,264987331
2287110223,692700020,HTTP,Page 1,200,17,244607074
2303443939,692700006,HTTP,Page 1,200,17,264994810
2311734998,692700011,HTTP,Page 2,200,8,281472210
2331492565,692700008,HTTP,Page SSL,200,8083,418668358
2375108099,692700014,HTTP,Page 1,200,17,270403065
2375354659,692700013,HTTP,Page 1,200,17,268245661
2375925935,692700001,HTTP,Page SSL,200,8083,477391908
2382774959,692700000,HTTP,Page 1,200,17,291072702
2382980310,692700019,HTTP,Page 2,200,8,259864784
2383142225,692700018,HTTP,Page 2,200,8,303609488
2406623414,692700021,HTTP,Page 1,200,17,264110490
2455552669,692700002,HTTP,Page SSL,200,8083,515639692
2510339047,692700022,HTTP,Page 1,200,17,267446684
2516205472,692700012,HTTP,Page 2,200,8,304533407
2527252589,692700007,HTTP,Page 1,200,17,352428450
2531720124,692700009,HTTP,Page SSL,200,8083,492224785
2538125057,692700005,HTTP,Page 2,200,8,306380423
2561234782,692700017,HTTP,Page SSL,200,8083,447410382
2561573543,692700015,HTTP,Page 1,200,17,344883673
2563994135,692700023,HTTP,Page 1,200,17,220955948
2605208185,692700006,HTTP,Page 2,200,8,301618451
2608611018,692700003,HTTP,Page SSL,200,8083,494548832
2611719949,692700008,HTTP,Page 1,200,17,280093527
2622314485,692700020,HTTP,Page 2,200,8,335027615
2657241720,692700014,HTTP,Page 2,200,8,282001998
2671176755,692700000,HTTP,Page 2,200,8,288225195
2695095409,692700016,HTTP,Page SSL,200,8083,575497059
2695756471,692700002,HTTP,Page 1,200,17,240027237
2705596970,692700010,HTTP,Page SSL,200,8083,463036980
2706275674,692700024,HTTP,Page 1,200,17,262858851
2734304324,692700001,HTTP,Page 1,200,17,358071741
2739942625,692700021,HTTP,Page 2,200,8,333147709
2748161610,692700013,HTTP,Page 2,200,8,372692029
2780643669,692700011,HTTP,Page SSL,200,8083,466828371
2796785688,692700017,HTTP,Page 1,200,17,235405396
2801841370,692700023,HTTP,Page 2,200,8,237719756
2811526331,692700015,HTTP,Page 2,200,8,249838742
2823404447,692700009,HTTP,Page 1,200,17,291489789
2878650085,692700004,HTTP,Page SSL,200,8083,600273750
2924584464,692700022,HTTP,Page 2,200,8,413946557
2955087941,692700012,HTTP,Page SSL,200,8083,437235970
2960358117,692700025,HTTP,Page 1,200,17,409099702
2963798112,692700007,HTTP,Page 2,200,8,436317270
2983585414,692700019,HTTP,Page SSL,200,8083,598647134
3033494368,692700005,HTTP,Page SSL,200,8083,494602538
3034485057,692700018,HTTP,Page SSL,200,8083,650784168
3035008505,692700008,HTTP,Page 2,200,8,423183186
3074678803,692700000,HTTP,Page SSL,200,8083,403046645
3086174412,692700026,HTTP,Page 1,200,17,434231401
3109084575,692700006,HTTP,Page SSL,200,8083,502852804
3115330233,692700020,HTTP,Page SSL,200,8083,491279335
3118807240,692700003,HTTP,Page 1,200,17,510055139
3162309427,692700001,HTTP,Page 2,200,8,427681881
3190817446,692700016,HTTP,Page 1,200,17,495586696
3193637414,692700014,HTTP,Page SSL,200,8083,535058457
3200242675,692700002,HTTP,Page 2,200,8,504381925
3205145569,692700013,HTTP,Page SSL,200,8083,454970210
3219675719,692700024,HTTP,Page 2,200,8,513275478
3230336798,692700021,HTTP,Page SSL,200,8083,488857024
3231725874,692700010,HTTP,Page 1,200,17,525995863
3240264081,692700027,HTTP,Page 1,200,17,487969783
3244164205,692700028,HTTP,Page 1,200,17,391347861
3266419306,692700023,HTTP,Page SSL,200,8083,461713405
3268750036,692700009,HTTP,Page 2,200,8,445212032
3285479158,692700015,HTTP,Page SSL,200,8083,471946697
3287207628,692700011,HTTP,Page 1,200,17,506316962
3289835101,692700017,HTTP,Page 2,200,8,492873467
3295553965,692700025,HTTP,Page 2,200,8,335005809
3302310071,692700029,HTTP,Page 1,200,17,349042460
3303724554,692700004,HTTP,Page 1,200,17,424941278
3324515852,692700012,HTTP,Page 1,200,17,369262552
3359664807,692700019,HTTP,Page 1,200,17,375847833
3366693997,692700005,HTTP,Page 1,200,17,333061149
3420145608,692700006,HTTP,Page 1,200,17,310872493
3421908075,692700003,HTTP,Page 2,200,8,302962497
3441182603,692700000,HTTP,Page 1,200,17,366355125
3442694739,692700030,HTTP,Page 1,200,17,388957899
3445272048,692700020,HTTP,Page 1,200,17,329761167
3453414083,692700018,HTTP,Page 1,200,17,418723124
3457273234,692700022,HTTP,Page SSL,200,8083,530634118
3465971138,692700026,HTTP,Page 2,200,8,379636962
3533282533,692700016,HTTP,Page 2,200,8,342340539
3553281292,692700014,HTTP,Page 1,200,17,359520880
3557351383,692700013,HTTP,Page 1,200,17,348666981
3557886859,692700007,HTTP,Page SSL,200,8083,575781126
3563152891,692700031,HTTP,Page 1,200,17,408967718
3616321414,692700001,HTTP,Page SSL,200,8083,452198834
3639140234,692700028,HTTP,Page 2,200,8,393378347
3639584971,692700029,HTTP,Page 2,200,8,337182948
3665350858,692700004,HTTP,Page 2,200,8,361513939
3668746512,692700011,HTTP,Page 2,200,8,381351820
3675057199,692700021,HTTP,Page 1,200,17,444537208
3687764134,692700015,HTTP,Page 1,200,17,402106857
3717322001,692700010,HTTP,Page 2,200,8,485496650
3720743779,692700027,HTTP,Page 2,200,8,480374988
3771428240,692700008,HTTP,Page SSL,200,8083,736041120
3771663531,692700023,HTTP,Page 1,200,17,504956244
3794854586,692700009,HTTP,Page SSL,200,8083,523454954
3803290683,692700032,HTTP,Page 1,200,17,543049350
3837896806,692700024,HTTP,Page SSL,200,8083,616415294
3845336352,692700002,HTTP,Page SSL,200,8083,643518203
3912185800,692700012,HTTP,Page 2,200,8,587575982
3912690755,692700006,HTTP,Page 2,200,8,492441979
3920806323,692700033,HTTP,Page 1,200,17,559236928
3933614674,692700025,HTTP,Page SSL,200,8083,637701314
3935953801,692700026,HTTP,Page SSL,200,8083,469097956
3952351241,692700003,HTTP,Page SSL,200,8083,528881373
3977514574,692700019,HTTP,Page 2,200,8,617702657
3994082508,692700017,HTTP,Page SSL,200,8083,702463708
4007142359,692700016,HTTP,Page SSL,200,8083,471446274
4052124864,692700005,HTTP,Page 2,200,8,684783623
4066197917,692700028,HTTP,Page SSL,200,8083,426562399
4090919026,692700020,HTTP,Page 2,200,8,645544722
4113761353,692700030,HTTP,Page 2,200,8,670883583
4147843181,692700018,HTTP,Page 2,200,8,694201799
4152830341,692700022,HTTP,Page 1,200,17,695401245
4164740824,692700029,HTTP,Page SSL,200,8083,522142003
4166144505,692700034,HTTP,Page 1,200,17,704463886
4179272330,692700027,HTTP,Page SSL,200,8083,456486481
4196699644,692700010,HTTP,Page SSL,200,8083,477508632
4199521855,692700011,HTTP,Page SSL,200,8083,529001626
4219170880,692700031,HTTP,Page 2,200,8,655937086
4219199370,692700000,HTTP,Page 2,200,8,777548674
4230243388,692700001,HTTP,Page 1,200,17,613628819
4237289010,692700014,HTTP,Page 2,200,8,683825283
4238762619,692700035,HTTP,Page 1,200,17,675879008
4263955416,692700007,HTTP,Page 1,200,17,705946888
4291620641,692700004,HTTP,Page SSL,200,8083,624646974
4307307762,692700013,HTTP,Page 2,200,8,749828932
4325706675,692700036,HTTP,Page 1,200,17,662895397
4358000954,692700008,HTTP,Page 1,200,17,586301383
4363484510,692700012,HTTP,Page SSL,200,8083,449271887
4373943601,692700015,HTTP,Page 2,200,8,686033149
4385906674,692700023,HTTP,Page 2,200,8,614129851
4414525078,692700019,HTTP,Page SSL,200,8083,436429669
4464205409,692700006,HTTP,Page SSL,200,8083,550041235
4484452098,692700005,HTTP,Page SSL,200,8083,431772465
4500921000,692700037,HTTP,Page 1,200,17,730741095
4501892698,692700002,HTTP,Page 1,200,17,656360474
4505507383,692700024,HTTP,Page 1,200,17,667468112
4511743106,692700038,HTTP,Page 1,200,17,641470567
4515842417,692700032,HTTP,Page 2,200,8,712221353
4524033718,692700021,HTTP,Page 2,200,8,848836329
4566721329,692700018,HTTP,Page SSL,200,8083,418145901
4581479742,692700009,HTTP,Page 1,200,17,786432161
4608187610,692700025,HTTP,Page 1,200,17,674457715
4608599178,692700026,HTTP,Page 1,200,17,672544996
4617159288,692700039,HTTP,Page 1,200,17,646742893
4639686366,692700003,HTTP,Page 1,200,17,687163406
4639875989,692700033,HTTP,Page 2,200,8,718892983
4657642962,692700016,HTTP,Page 1,200,17,650333105
4662054405,692700017,HTTP,Page 1,200,17,667823956
4668628270,692700014,HTTP,Page SSL,200,8083,428058851
4682334296,692700030,HTTP,Page SSL,200,8083,565176701
4698873312,692700020,HTTP,Page SSL,200,8083,605864486
4713456571,692700000,HTTP,Page SSL,200,8083,492853656
4720250584,692700028,HTTP,Page 1,200,17,653825947
4755875328,692700034,HTTP,Page 2,200,8,589468973
4757543105,692700040,HTTP,Page 1,200,17,677231912
4761485838,692700022,HTTP,Page 2,200,8,608511345
4771464577,692700029,HTTP,Page 1,200,17,606576495
4817205251,692700031,HTTP,Page SSL,200,8083,597285870
4821738485,692700013,HTTP,Page SSL,200,8083,510187724
4839893386,692700041,HTTP,Page 1,200,17,655328830
4841664360,692700035,HTTP,Page 2,200,8,602750071
4847469799,692700027,HTTP,Page 1,200,17,667727434
4856289753,692700010,HTTP,Page 1,200,17,659322234
4857114545,692700011,HTTP,Page 1,200,17,657441238
4911982528,692700036,HTTP,Page 2,200,8,586180486
4928584306,692700042,HTTP,Page 1,200,17,643557323
4935863510,692700001,HTTP,Page 2,200,8,705466571
4960964380,692700008,HTTP,Page 2,200,8,602814983
4961354464,692700004,HTTP,Page 1,200,17,669607551
4973287538,692700019,HTTP,Page 1,200,17,558530648
4984489836,692700043,HTTP,Page 1,200,17,599157078
5008479735,692700002,HTTP,Page 2,200,8,506418471
5010442392,692700044,HTTP,Page 1,200,17,521718149
5013423662,692700024,HTTP,Page 2,200,8,507798342
5013649825,692700007,HTTP,Page 2,200,8,749588616
5021476422,692700037,HTTP,Page 2,200,8,520415593
5033078301,692700005,HTTP,Page 1,200,17,548480084
5049213407,692700023,HTTP,Page SSL,200,8083,662889915
5057445267,692700006,HTTP,Page 1,200,17,593120575
5057899403,692700033,HTTP,Page SSL,200,8083,416482563
5059062680,692700012,HTTP,Page 1,200,17,695425134
5072557608,692700009,HTTP,Page 2,200,8,490924829
5107401213,692700026,HTTP,Page 2,200,8,498674476
5110708543,692700003,HTTP,Page 2,200,8,470850977
5112004548,692700018,HTTP,Page 1,200,17,545104377
5112462169,692700025,HTTP,Page 2,200,8,504196751
5115052652,692700045,HTTP,Page 1,200,17,519730385
5127821432,692700014,HTTP,Page 1,200,17,458936887
5141562681,692700030,HTTP,Page 1,200,17,459126620
5159033930,692700015,HTTP,Page SSL,200,8083,782844856
5193889059,692700046,HTTP,Page 1,200,17,498519265
5216498945,692700028,HTTP,Page 2,200,8,496145777
5218551490,692700016,HTTP,Page 2,200,8,560808037
5221944710,692700020,HTTP,Page 1,200,17,522958978
5284959553,692700000,HTTP,Page 1,200,17,571300693
5317764705,692700034,HTTP,Page SSL,200,8083,561351512
5392197820,692700008,HTTP,Page SSL,200,8083,429547447
5405659433,692700035,HTTP,Page SSL,200,8083,561343491
5417632402,692700021,HTTP,Page SSL,200,8083,891403370
5427938160,692700047,HTTP,Page 1,200,17,632117691
5431430184,692700032,HTTP,Page SSL,200,8083,913412936
5491104703,692700024,HTTP,Page SSL,200,8083,476402348
5492871761,692700001,HTTP,Page SSL,200,8083,556478082
5502160153,692700038,HTTP,Page 2,200,8,990192241
5510681583,692700041,HTTP,Page 2,200,8,670539593
5514381931,692700031,HTTP,Page 1,200,17,696921861
5537345864,692700009,HTTP,Page SSL,200,8083,462739346
5552433239,692700013,HTTP,Page 1,200,17,730504568
5605482322,692700029,HTTP,Page 2,200,8,833871258
5605883546,692700037,HTTP,Page SSL,200,8083,580082190
5620518428,692700007,HTTP,Page SSL,200,8083,605307718
5628787044,692700039,HTTP,Page 2,200,8,1011474935
5661580936,692700022,HTTP,Page SSL,200,8083,898339972
5664205935,692700019,HTTP,Page 2,200,8,690848718
5674185143,692700017,HTTP,Page 2,200,8,1011972484
5686490141,692700040,HTTP,Page 2,200,8,928810908
5687582558,692700011,HTTP,Page 2,200,8,830294563
5713248676,692700042,HTTP,Page 2,200,8,784542164
5797475609,692700010,HTTP,Page 2,200,8,940984489
5802882068,692700027,HTTP,Page 2,200,8,955185812
5815133857,692700028,HTTP,Page SSL,200,8083,596659854
5816863616,692700004,HTTP,Page 2,200,8,855348152
5822701002,692700006,HTTP,Page 2,200,8,765150781
5830537772,692700036,HTTP,Page SSL,200,8083,916466417
5871252868,692700002,HTTP,Page SSL,200,8083,852952242
5889101697,692700003,HTTP,Page SSL,200,8083,777321756
5929538846,692700023,HTTP,Page 1,200,17,880049013
5930431127,692700043,HTTP,Page 2,200,8,945871856
5933435804,692700049,HTTP,Page 1,200,17,912313296
5949344732,692700026,HTTP,Page SSL,200,8083,841011415
5968747239,692700048,HTTP,Page 1,200,17,1057166849
5975511623,692700050,HTTP,Page 1,200,17,854011483
6013266708,692700016,HTTP,Page SSL,200,8083,794299264
6014570530,692700041,HTTP,Page SSL,200,8083,503381435
6042387726,692700014,HTTP,Page 2,200,8,914327243
6043333755,692700015,HTTP,Page 1,200,17,884160222
6056225392,692700051,HTTP,Page 1,200,17,834520404
6058646646,692700012,HTTP,Page 2,200,8,999457851
6072405128,692700045,HTTP,Page 2,200,8,957188562
6084291488,692700044,HTTP,Page 2,200,8,1073753786
6092352638,692700000,HTTP,Page 2,200,8,806151337
6097528339,692700046,HTTP,Page 2,200,8,903529337
6103675620,692700017,HTTP,Page SSL,200,8083,427450333
6136836192,692700029,HTTP,Page SSL,200,8083,529455880
6138046452,692700033,HTTP,Page 1,200,17,1079732686
6138554541,692700034,HTTP,Page 1,200,17,820312134
6152252881,692700035,HTTP,Page 1,200,17,746450165
6175648820,692700019,HTTP,Page SSL,200,8083,510749900
6176570205,692700025,HTTP,Page SSL,200,8083,1060542431
6199101116,692700047,HTTP,Page 2,200,8,771004976
6200067067,692700038,HTTP,Page SSL,200,8083,697331995
6227736537,692700032,HTTP,Page 1,200,17,796157431
6229210539,692700008,HTTP,Page 1,200,17,836854463
6233619731,692700005,HTTP,Page 2,200,8,1200421440
6237873373,692700039,HTTP,Page SSL,200,8083,607598785
6251677238,692700024,HTTP,Page 1,200,17,760445991
6259185401,692700054,HTTP,Page 1,200,17,720982948
6279741098,692700018,HTTP,Page 2,200,8,1167488174
6296811538,692700009,HTTP,Page 1,200,17,759320866
6313940164,692700001,HTTP,Page 1,200,17,820931012
6318634719,692700042,HTTP,Page SSL,200,8083,603596565
6343191983,692700007,HTTP,Page 1,200,17,722556938
6370097038,692700030,HTTP,Page 2,200,8,1228375602
6370699818,692700004,HTTP,Page SSL,200,8083,553396575
6370772478,692700020,HTTP,Page 2,200,8,1148638973
6370900906,692700040,HTTP,Page SSL,200,8083,683896293
6382915823,692700055,HTTP,Page 1,200,17,741662115
6395910612,692700037,HTTP,Page 1,200,17,789730283
6396448129,692700022,HTTP,Page 1,200,17,734723087
6454048317,692700053,HTTP,Page 1,200,17,1016643796
6470389201,692700031,HTTP,Page 2,200,8,955714452
6485514152,692700027,HTTP,Page SSL,200,8083,680911271
6505233671,692700052,HTTP,Page 1,200,17,1171417910
6514629726,692700010,HTTP,Page SSL,200,8083,715027555
6521170564,692700021,HTTP,Page 1,200,17,1103363486
6534679481,692700056,HTTP,Page 1,200,17,792695090
6541628646,692700013,HTTP,Page 2,200,8,989095024
6637762916,692700003,HTTP,Page 1,200,17,748313829
6639062193,692700002,HTTP,Page 1,200,17,767681522
6656138242,692700036,HTTP,Page 1,200,17,825509497
6663229709,692700028,HTTP,Page 1,200,17,847954179
6669925353,692700057,HTTP,Page 1,200,17,820790985
6697018186,692700049,HTTP,Page 2,200,8,763513491
6705834992,692700026,HTTP,Page 1,200,17,756317724
6708174414,692700012,HTTP,Page SSL,200,8083,648923318
6709227930,692700059,HTTP,Page 1,200,17,659444760
6717175746,692700050,HTTP,Page 2,200,8,741574097
6718151492,692700058,HTTP,Page 1,200,17,768390577
6736785666,692700051,HTTP,Page 2,200,8,680454967
6748825213,692700048,HTTP,Page 2,200,8,779805919
6750218300,692700016,HTTP,Page 1,200,17,736829223
6782819615,692700043,HTTP,Page SSL,200,8083,850586476
6846780576,692700023,HTTP,Page 2,200,8,917107654
6853782052,692700041,HTTP,Page 1,200,17,839063736
6857711425,692700015,HTTP,Page 2,200,8,814151014
6885234250,692700060,HTTP,Page 1,200,17,735261330
6887127770,692700035,HTTP,Page 2,200,8,734609105
6890705952,692700046,HTTP,Page SSL,200,8083,790968769
6910534597,692700014,HTTP,Page SSL,200,8083,860541863
6920463954,692700034,HTTP,Page 2,200,8,781750691
6921260762,692700005,HTTP,Page SSL,200,8083,687004337
6932577536,692700047,HTTP,Page SSL,200,8083,722096355
6933094658,692700019,HTTP,Page 1,200,17,757163448
6944534124,692700011,HTTP,Page SSL,200,8083,1256546339
6976349948,692700000,HTTP,Page SSL,200,8083,881817001
6979400229,692700044,HTTP,Page SSL,200,8083,893840626
6997036178,692700029,HTTP,Page 1,200,17,860044657
7030275882,692700008,HTTP,Page 2,200,8,800939532
7048028025,692700017,HTTP,Page 1,200,17,944124824
7080356062,692700025,HTTP,Page 1,200,17,903482124
7080381144,692700033,HTTP,Page 2,200,8,942212287
7091249846,692700038,HTTP,Page 1,200,17,891036611
7197009894,692700045,HTTP,Page SSL,200,8083,1123287281
7207589484,692700013,HTTP,Page SSL,200,8083,665490797
7233626786,692700024,HTTP,Page 2,200,8,981835412
7233670198,692700032,HTTP,Page 2,200,8,1005789767
7244636257,692700061,HTTP,Page 1,200,17,994472556
7251331155,692700062,HTTP,Page 1,200,17,898586846
7292202823,692700018,HTTP,Page SSL,200,8083,1010130069
7312244969,692700031,HTTP,Page SSL,200,8083,840477422
7313410723,692700054,HTTP,Page 2,200,8,1054067587
7318644896,692700004,HTTP,Page 1,200,17,947823895
7347924710,692700020,HTTP,Page SSL,200,8083,975031937
7353238761,692700037,HTTP,Page 2,200,8,957194475
7354102950,692700022,HTTP,Page 2,200,8,957565000
7360565799,692700042,HTTP,Page 1,200,17,1041798185
7379793777,692700040,HTTP,Page 1,200,17,1008724622
7380391795,692700009,HTTP,Page 2,200,8,1083397681
7384238848,692700055,HTTP,Page 2,200,8,1001196748
7397294400,692700050,HTTP,Page SSL,200,8083,677569510
7415788974,692700001,HTTP,Page 2,200,8,1101732265
7443291536,692700021,HTTP,Page 2,200,8,921977910
7456774892,692700063,HTTP,Page 1,200,17,1003612768
7459239396,692700053,HTTP,Page 2,200,8,1005087868
7463229720,692700010,HTTP,Page 1,200,17,948488862
7472757881,692700048,HTTP,Page SSL,200,8083,721895688
7476832486,692700008,HTTP,Page SSL,200,8083,446023645
7477078417,692700052,HTTP,Page 2,200,8,971676679
7557242095,692700034,HTTP,Page SSL,200,8083,635732800
7558758875,692700026,HTTP,Page 2,200,8,852806954
7558993321,692700043,HTTP,Page 1,200,17,776071013
7561121538,692700023,HTTP,Page SSL,200,8083,713182500
7561932572,692700012,HTTP,Page 1,200,17,853656952
7563610886,692700058,HTTP,Page 2,200,8,845379673
7563723273,692700003,HTTP,Page 2,200,8,925726808
7564779390,692700036,HTTP,Page 2,200,8,908488006
7568185991,692700059,HTTP,Page 2,200,8,858837041
7574438150,692700002,HTTP,Page 2,200,8,935225166
7586847512,692700035,HTTP,Page SSL,200,8083,697291822
7619073801,692700057,HTTP,Page 2,200,8,948946073
7645037759,692700033,HTTP,Page SSL,200,8083,562832151
7654251370,692700066,HTTP,Page 1,200,17,900689156
7661120982,692700067,HTTP,Page 1,200,17,806542608
7671625240,692700047,HTTP,Page 1,200,17,738894334
7674661916,692700046,HTTP,Page 1,200,17,783779256
7683953265,692700000,HTTP,Page 1,200,17,707236117
7695240172,692700011,HTTP,Page 1,200,17,750554456
7697869508,692700060,HTTP,Page 2,200,8,812473096
7705702912,692700029,HTTP,Page 2,200,8,708439907
7705799693,692700068,HTTP,Page 1,200,17,750886887
7711962628,692700070,HTTP,Page 1,200,17,552555763
7714626469,692700025,HTTP,Page 2,200,8,634123139
7717198619,692700069,HTTP,Page 1,200,17,657945203
7730235151,692700061,HTTP,Page 2,200,8,485472820
7730476757,692700013,HTTP,Page 1,200,17,522703625
7734681889,692700062,HTTP,Page 2,200,8,483165931
7737026019,692700071,HTTP,Page 1,200,17,477272794
7743428117,692700041,HTTP,Page 2,200,8,889302519
7743675345,692700005,HTTP,Page 1,200,17,822353409
7744184311,692700004,HTTP,Page 2,200,8,425439774
7745736855,692700042,HTTP,Page 2,200,8,385021873
7748481137,692700039,HTTP,Page 1,200,17,1510475170
7750674288,692700018,HTTP,Page 1,200,17,458341532
7752381322,692700063,HTTP,Page 2,200,8,295417515
7764634439,692700032,HTTP,Page SSL,200,8083,526243419
7789350252,692700020,HTTP,Page 1,200,17,441218450
7789821334,692700048,HTTP,Page 1,200,17,316895744
7836159840,692700022,HTTP,Page SSL,200,8083,470299600
7851263328,692700037,HTTP,Page SSL,200,8083,497446257
7862875913,692700050,HTTP,Page 1,200,17,465348352
7908042250,692700064,HTTP,Page 1,200,17,1354886173
7949509385,692700030,HTTP,Page SSL,200,8083,1577906262
7975787551,692700008,HTTP,Page 1,200,17,498815266
7999940029,692700053,HTTP,Page SSL,200,8083,538530073
8021618392,692700055,HTTP,Page SSL,200,8083,636040562
8023014078,692700031,HTTP,Page 1,200,17,710652329
8024961677,692700040,HTTP,Page 2,200,8,645006124
8045487555,692700013,HTTP,Page 2,200,8,314903153
8048350581,692700011,HTTP,Page 2,200,8,352889429
8051456617,692700018,HTTP,Page 2,200,8,300626777
8080567547,692700001,HTTP,Page SSL,200,8083,663788932
8095149528,692700048,HTTP,Page 2,200,8,305150175
8112011645,692700076,HTTP,Page 1,200,17,345797997
8112264062,692700065,HTTP,Page 1,200,17,1458859024
8193870702,692700022,HTTP,Page 1,200,17,357554501
8198142582,692700077,HTTP,Page 1,200,17,332235083
8215880529,692700058,HTTP,Page SSL,200,8083,650163121
8221091470,692700074,HTTP,Page 1,200,17,660677930
8223034093,692700035,HTTP,Page 1,200,17,636049108
8227767347,692700064,HTTP,Page 2,200,8,319564239
8234492806,692700053,HTTP,Page 1,200,17,234390180
8237626432,692700008,HTTP,Page 2,200,8,261480935
8265388998,692700036,HTTP,Page SSL,200,8083,699373497
8299948723,692700023,HTTP,Page 1,200,17,738721205
8315697967,692700075,HTTP,Page 1,200,17,654859543
8315758955,692700068,HTTP,Page 2,200,8,609889664
8341254164,692700060,HTTP,Page SSL,200,8083,640761504
8352413823,692700031,HTTP,Page 2,200,8,329229897
8377940302,692700041,HTTP,Page SSL,200,8083,633983575
8378570834,692700055,HTTP,Page 1,200,17,356810080
8379654313,692700051,HTTP,Page SSL,200,8083,1640595880
8385706226,692700078,HTTP,Page 1,200,17,419703598
8392423843,692700052,HTTP,Page SSL,200,8083,913336497
8393242242,692700079,HTTP,Page 1,200,17,325599963
8407576099,692700065,HTTP,Page 2,200,8,295143909
8509908964,692700007,HTTP,Page 2,200,8,2166634363
8538564559,692700081,HTTP,Page 1,200,17,270780910
8547220520,692700074,HTTP,Page 2,200,8,325769146
8568957127,692700022,HTTP,Page 2,200,8,374978275
8619134536,692700036,HTTP,Page 1,200,17,353569599
8619426722,692700006,HTTP,Page SSL,200,8083,2796232785
8627909566,692700075,HTTP,Page 2,200,8,312009601
8638585711,692700002,HTTP,Page SSL,200,8083,1063735663
8660910182,692700083,HTTP,Page 1,200,17,181891562
8664618701,692700027,HTTP,Page 1,200,17,2178948055
8669277907,692700040,HTTP,Page SSL,200,8083,641987433
8672203626,692700004,HTTP,Page SSL,200,8083,926137559
8675393520,692700057,HTTP,Page SSL,200,8083,1054349409
8687083313,692700076,HTTP,Page 2,200,8,574860576
8687269470,692700025,HTTP,Page SSL,200,8083,972305736
8701062400,692700078,HTTP,Page 2,200,8,314226611
8709659802,692700011,HTTP,Page SSL,200,8083,658573728
8730996955,692700041,HTTP,Page 1,200,17,352886090
8733041968,692700035,HTTP,Page 2,200,8,509868643
8748988855,692700051,HTTP,Page 1,200,17,369097987
8756599053,692700010,HTTP,Page 2,200,8,1293171425
8762916001,692700048,HTTP,Page SSL,200,8083,666728551
8770855497,692700052,HTTP,Page 1,200,17,378329383
8797324565,692700046,HTTP,Page 2,200,8,1122595769
8798459853,692700055,HTTP,Page 2,200,8,419754241
8810208641,692700063,HTTP,Page SSL,200,8083,1057422931
8810592616,692700062,HTTP,Page SSL,200,8083,1070145462
8810759897,692700072,HTTP,Page 1,200,17,1450890074
8812994396,692700038,HTTP,Page 2,200,8,1721613147
8828733805,692700021,HTTP,Page SSL,200,8083,1384987331
8859801123,692700033,HTTP,Page 1,200,17,1214573686
8871421911,692700008,HTTP,Page SSL,200,8083,631800837
8875038638,692700043,HTTP,Page 2,200,8,1315863908
8889975306,692700084,HTTP,Page 1,200,17,310619495
8936422837,692700006,HTTP,Page 1,200,17,316918817
8940675381,692700068,HTTP,Page SSL,200,8083,623175297
8958622803,692700014,HTTP,Page 1,200,17,2047939603
8960243016,692700024,HTTP,Page SSL,200,8083,1711673889
8961689781,692700054,HTTP,Page SSL,200,8083,1646915636
8962011321,692700002,HTTP,Page 1,200,17,323325878
8975229809,692700060,HTTP,Page 1,200,17,633841194
8977314231,692700029,HTTP,Page SSL,200,8083,1270030535
8981651162,692700034,HTTP,Page 1,200,17,1424295224
9005451650,692700083,HTTP,Page 2,200,8,344402147
9007318346,692700081,HTTP,Page 2,200,8,468652757
9018746078,692700004,HTTP,Page 1,200,17,346444888
9026951902,692700019,HTTP,Page 2,200,8,2093763493
9031503168,692700036,HTTP,Page 2,200,8,412217005
9052205508,692700069,HTTP,Page 2,200,8,1334777797
9052955660,692700064,HTTP,Page SSL,200,8083,824664361
9073247732,692700025,HTTP,Page 1,200,17,385828327
9134668159,692700067,HTTP,Page 2,200,8,1473442712
9138513462,692700070,HTTP,Page 2,200,8,1426151154
9140155618,692700020,HTTP,Page 2,200,8,1350667577
9143553046,692700005,HTTP,Page 2,200,8,1399668969
9153182685,692700086,HTTP,Page 1,200,17,371804823
9154598227,692700062,HTTP,Page 1,200,17,343901262
9169501989,692700085,HTTP,Page 1,200,17,488369228
9191108638,692700072,HTTP,Page 2,200,8,380231747
9226548718,692700031,HTTP,Page SSL,200,8083,871976054
9237512399,692700065,HTTP,Page SSL,200,8083,828480759
9268600035,692700050,HTTP,Page 2,200,8,1405546145
9271588456,692700054,HTTP,Page 1,200,17,309566526
9272615211,692700004,HTTP,Page 2,200,8,253756968
9286131125,692700000,HTTP,Page 2,200,8,1602030625
9289096553,692700029,HTTP,Page 1,200,17,311613757
9290978055,692700084,HTTP,Page 2,200,8,400417584
9294007791,692700039,HTTP,Page 2,200,8,1545369604
9295972745,692700056,HTTP,Page 2,200,8,2761119691
9318563586,692700034,HTTP,Page 2,200,8,336690221
9318702397,692700006,HTTP,Page 2,200,8,382066093
9319548073,692700074,HTTP,Page SSL,200,8083,771386871
9326869369,692700027,HTTP,Page 2,200,8,662013485
9329837841,692700045,HTTP,Page 1,200,17,2132526056
9335429815,692700061,HTTP,Page SSL,200,8083,1603840459
9336602148,692700002,HTTP,Page 2,200,8,374487701
9337528521,692700064,HTTP,Page 1,200,17,284496656
9344627815,692700088,HTTP,Page 1,200,17,362342251
9347843648,692700068,HTTP,Page 1,200,17,406787836
9364362506,692700024,HTTP,Page 1,200,17,403967875
9393905256,692700014,HTTP,Page 2,200,8,435142958
9401591198,692700007,HTTP,Page SSL,200,8083,889209547
9414853528,692700052,HTTP,Page 2,200,8,643822413
9422354585,692700012,HTTP,Page 2,200,8,1860304652
9498948925,692700031,HTTP,Page 1,200,17,272137083
9525005001,692700089,HTTP,Page 1,200,17,442514044
9530086855,692700090,HTTP,Page 1,200,17,347537622
9533413500,692700008,HTTP,Page 1,200,17,661768403
9537165376,692700063,HTTP,Page 1,200,17,726779673
9544749772,692700076,HTTP,Page SSL,200,8083,856846161
9555711574,692700055,HTTP,Page SSL,200,8083,755685694
9578206615,692700053,HTTP,Page 2,200,8,1343601718
9589510021,692700046,HTTP,Page SSL,200,8083,790146522
9596270756,692700071,HTTP,Page 2,200,8,1859006175
9603166247,692700032,HTTP,Page 1,200,17,1838357664
9646189493,692700086,HTTP,Page 2,200,8,492847340
9667589816,692700035,HTTP,Page SSL,200,8083,933552336
9670539563,692700019,HTTP,Page SSL,200,8083,642216635
9672161556,692700058,HTTP,Page 1,200,17,1456095347
9683579846,692700079,HTTP,Page 2,200,8,1290205295
9700696362,692700081,HTTP,Page SSL,200,8083,690673397
9702188021,692700064,HTTP,Page 2,200,8,364427384
9702914569,692700007,HTTP,Page 1,200,17,301215029
9724340520,692700024,HTTP,Page 2,200,8,359811468
9731213429,692700045,HTTP,Page 2,200,8,401221460
9772935269,692700049,HTTP,Page SSL,200,8083,3075372728
9773458344,692700069,HTTP,Page SSL,200,8083,720731039
9813634607,692700054,HTTP,Page 2,200,8,541906957
9813983975,692700091,HTTP,Page 1,200,17,529847673
9827431221,692700067,HTTP,Page SSL,200,8083,690830465
9830370202,692700072,HTTP,Page SSL,200,8083,637836040
9832072695,692700088,HTTP,Page 2,200,8,487311022
9837103318,692700062,HTTP,Page 2,200,8,682449276
9838736669,692700065,HTTP,Page 1,200,17,601081766
9841983403,692700073,HTTP,Page 1,200,17,2381699047
9870244786,692700031,HTTP,Page 2,200,8,371135310
9876783169,692700008,HTTP,Page 2,200,8,343208361
9884974693,692700093,HTTP,Page 1,200,17,393712702
9901001774,692700070,HTTP,Page SSL,200,8083,761698574
9904292445,692700089,HTTP,Page 2,200,8,379146184
9905012122,692700094,HTTP,Page 1,200,17,313901223
9915213466,692700048,HTTP,Page 1,200,17,1152165904
9951658730,692700076,HTTP,Page 1,200,17,406694837
9965138005,692700055,HTTP,Page 1,200,17,409119588
9967211236,692700063,HTTP,Page 2,200,8,429911893
9969733038,692700057,HTTP,Page 1,200,17,1294215816
9996837280,692700009,HTTP,Page SSL,200,8083,2615331866
10053682202,692700028,HTTP,Page 2,200,8,3390308184
10056660151,692700067,HTTP,Page 1,200,17,229068131
10058021771,692700007,HTTP,Page 2,200,8,354986953
10062521420,692700000,HTTP,Page SSL,200,8083,773795920
10090588045,692700027,HTTP,Page SSL,200,8083,761853616
10111103794,692700004,HTTP,Page SSL,200,8083,836549863
10111250918,692700065,HTTP,Page 2,200,8,272318652
10112219342,692700091,HTTP,Page 2,200,8,298098075
10120830188,692700015,HTTP,Page SSL,200,8083,3260878769
10124404987,692700012,HTTP,Page SSL,200,8083,699787138
10126161946,692700016,HTTP,Page 2,200,8,3375557700
10132676120,692700095,HTTP,Page 1,200,17,441209990
10148703914,692700081,HTTP,Page 1,200,17,447850927
10148994879,692700011,HTTP,Page 1,200,17,1439120294
10149561624,692700052,HTTP,Page SSL,200,8083,734197095
10159397915,692700058,HTTP,Page 2,200,8,487010820
10163157393,692700049,HTTP,Page 1,200,17,390073551
10167156956,692700050,HTTP,Page SSL,200,8083,897109982
10171585151,692700039,HTTP,Page SSL,200,8083,875252501
10202866374,692700030,HTTP,Page 1,200,17,2253248566
10279302528,692700026,HTTP,Page SSL,200,8083,2718682661
10306242207,692700060,HTTP,Page 2,200,8,1330909377
10310038930,692700087,HTTP,Page 1,200,17,1428081328
10323579571,692700077,HTTP,Page 2,200,8,2125338268
10341231108,692700094,HTTP,Page 2,200,8,436044882
10367640762,692700073,HTTP,Page 2,200,8,525484582
10386355134,692700048,HTTP,Page 2,200,8,470991192
10426768037,692700019,HTTP,Page 1,200,17,755956746
10544251878,692700021,HTTP,Page 1,200,17,1715382671
10554728424,692700041,HTTP,Page 2,200,8,1823638596
10555206493,692700036,HTTP,Page SSL,200,8083,1523386488
10577365422,692700084,HTTP,Page SSL,200,8083,1283205340
10579621631,692700079,HTTP,Page SSL,200,8083,894153271
10606267148,692700049,HTTP,Page 2,200,8,442673092
10619786667,692700099,HTTP,Page 1,200,17,522477169
10629353481,692700067,HTTP,Page 2,200,8,572324486
10629817654,692700011,HTTP,Page 2,200,8,480700000
10657221078,692700029,HTTP,Page 2,200,8,1367996593
10677347377,692700081,HTTP,Page 2,200,8,528500528
10684556570,692700063,HTTP,Page SSL,200,8083,716793112
10689846952,692700031,HTTP,Page SSL,200,8083,819040735
10719553440,692700064,HTTP,Page SSL,200,8083,1014958767
10741219108,692700030,HTTP,Page 2,200,8,538135275
10742066664,692700095,HTTP,Page 2,200,8,609211280
10749156985,692700025,HTTP,Page 2,200,8,1675639856
10749663696,692700085,HTTP,Page 2,200,8,1580032635
10750056852,692700055,HTTP,Page 2,200,8,784730189
10784214278,692700044,HTTP,Page 1,200,17,3804630551
10805447527,692700087,HTTP,Page 2,200,8,495277964
10811633763,692700068,HTTP,Page 2,200,8,1463581323
10826645226,692700074,HTTP,Page 1,200,17,1506817331
10862660445,692700003,HTTP,Page SSL,200,8083,3298375325
10862953950,692700019,HTTP,Page 2,200,8,436056729
10887405838,692700066,HTTP,Page 2,200,8,3232947487
10898699613,692700045,HTTP,Page SSL,200,8083,1163895076
10903807218,692700007,HTTP,Page SSL,200,8083,844275149
10913593875,692700058,HTTP,Page SSL,200,8083,751992953
10925734303,692700016,HTTP,Page SSL,200,8083,798406097
10927747507,692700013,HTTP,Page SSL,200,8083,2881306193
10962244488,692700090,HTTP,Page 2,200,8,1432033432
10970220256,692700091,HTTP,Page SSL,200,8083,856161922
10984520461,692700099,HTTP,Page 2,200,8,364468851
11050806539,692700017,HTTP,Page 2,200,8,4002609157
11077475755,692700021,HTTP,Page 2,200,8,533078606
11111315771,692700075,HTTP,Page SSL,200,8083,2481246552
11118911475,692700035,HTTP,Page 1,200,17,1450756664
11119275365,692700072,HTTP,Page 1,200,17,1288786018
11157462269,692700088,HTTP,Page SSL,200,8083,1323192104
11161669312,692700047,HTTP,Page 2,200,8,3489899486
11168941071,692700094,HTTP,Page SSL,200,8083,827295083
11183432220,692700006,HTTP,Page SSL,200,8083,1862817172
11245814956,692700096,HTTP,Page 1,200,17,1453705695
11255466827,692700044,HTTP,Page 2,200,8,471075102
11259529333,692700074,HTTP,Page 2,200,8,432668156
11263624185,692700037,HTTP,Page 1,200,17,3412123464
11276490312,692700020,HTTP,Page SSL,200,8083,2134154773
11276740456,692700009,HTTP,Page 1,200,17,1279547092
11307413016,692700070,HTTP,Page 1,200,17,1406276336
11329791154,692700049,HTTP,Page SSL,200,8083,721489036
11340893893,692700097,HTTP,Page 1,200,17,1448228351
11353058200,692700035,HTTP,Page 2,200,8,233603782
11353184811,692700048,HTTP,Page SSL,200,8083,966255880
11353631031,692700029,HTTP,Page SSL,200,8083,696024059
11357409445,692700076,HTTP,Page 2,200,8,1405540932
11358001055,692700041,HTTP,Page SSL,200,8083,798892180
11359002814,692700057,HTTP,Page 2,200,8,1389116017
11381512377,692700092,HTTP,Page 1,200,17,1992003578
11416492647,692700078,HTTP,Page SSL,200,8083,2713679033
11422383173,692700001,HTTP,Page 1,200,17,3341647445
11429499626,692700072,HTTP,Page 2,200,8,310147466
11439454167,692700059,HTTP,Page SSL,200,8083,3870597785
11461982116,692700024,HTTP,Page SSL,200,8083,1735502893
11470218463,692700042,HTTP,Page SSL,200,8083,3722186291
11473677335,692700009,HTTP,Page 2,200,8,196727991
11499601304,692700086,HTTP,Page SSL,200,8083,1850406878
11518133128,692700025,HTTP,Page SSL,200,8083,767002593
11536516868,692700068,HTTP,Page SSL,200,8083,724569449
11536987295,692700096,HTTP,Page 2,200,8,291082865
11545686754,692700066,HTTP,Page SSL,200,8083,657133699
11547802162,692700037,HTTP,Page 2,200,8,284058658
11575451352,692700085,HTTP,Page SSL,200,8083,823598328
11582220642,692700061,HTTP,Page 1,200,17,2246657248
11582464465,692700087,HTTP,Page SSL,200,8083,776495591
11586080216,692700071,HTTP,Page SSL,200,8083,1985692886
11611284398,692700070,HTTP,Page 2,200,8,303692726
11621044399,692700001,HTTP,Page 2,200,8,198487969
11627933012,692700097,HTTP,Page 2,200,8,286834081
11631756661,692700092,HTTP,Page 2,200,8,250113519
11656529983,692700038,HTTP,Page SSL,200,8083,2841513291
11687265473,692700082,HTTP,Page 1,200,17,3308331455
11702704695,692700044,HTTP,Page SSL,200,8083,445268423
11733903694,692700093,HTTP,Page 2,200,8,1848510091
11735788406,692700047,HTTP,Page SSL,200,8083,572634034
11767730507,692700053,HTTP,Page SSL,200,8083,2187167000
11773895376,692700032,HTTP,Page 2,200,8,2170367762
11775387756,692700046,HTTP,Page 1,200,17,2185810093
11826069909,692700057,HTTP,Page SSL,200,8083,440481242
11844089602,692700061,HTTP,Page 2,200,8,261750994
11892996488,692700010,HTTP,Page SSL,200,8083,3134020444
11957922265,692700095,HTTP,Page SSL,200,8083,1212988565
11963021227,692700018,HTTP,Page SSL,200,8083,3910289274
11964529968,692700082,HTTP,Page 2,200,8,277135739
11974334150,692700019,HTTP,Page SSL,200,8083,1108491234
11997367742,692700021,HTTP,Page SSL,200,8083,899369105
11997992690,692700054,HTTP,Page SSL,200,8083,2183516871
12061112772,692700097,HTTP,Page SSL,200,8083,430510217
12066441486,692700065,HTTP,Page SSL,200,8083,1953158520
12077677649,692700005,HTTP,Page SSL,200,8083,2932963450
12091471841,692700046,HTTP,Page 2,200,8,315979613
12094839215,692700030,HTTP,Page SSL,200,8083,1353125997
12117260953,692700037,HTTP,Page SSL,200,8083,567488659
12130366852,692700022,HTTP,Page SSL,200,8083,3560965766
12178206854,692700060,HTTP,Page SSL,200,8083,1869641514
12210013522,692700092,HTTP,Page SSL,200,8083,576220207
12302770943,692700093,HTTP,Page SSL,200,8083,546537224
12303207462,692700001,HTTP,Page SSL,200,8083,681794126
12324820962,692700043,HTTP,Page SSL,200,8083,3446141452
12369380255,692700067,HTTP,Page SSL,200,8083,1737686996
12377012746,692700099,HTTP,Page SSL,200,8083,1386458946
12400368674,692700081,HTTP,Page SSL,200,8083,1722632523
12402003395,692700009,HTTP,Page SSL,200,8083,926215082
12411341395,692700032,HTTP,Page SSL,200,8083,635855955
12416059467,692700073,HTTP,Page SSL,200,8083,2045790026
12419427251,692700011,HTTP,Page SSL,200,8083,1788729313
12420269430,692700040,HTTP,Page 1,200,17,3750877273
12430817882,692700074,HTTP,Page SSL,200,8083,1170835987
12443067974,692700055,HTTP,Page SSL,200,8083,1691353506
12474436291,692700077,HTTP,Page SSL,200,8083,2148618718
12490058489,692700023,HTTP,Page 2,200,8,4189968843
12512416840,692700028,HTTP,Page SSL,200,8083,2457170123
12516710496,692700017,HTTP,Page SSL,200,8083,1464407905
12546765064,692700070,HTTP,Page SSL,200,8083,934806418
12547048762,692700051,HTTP,Page 2,200,8,3797776497
12548004813,692700033,HTTP,Page 2,200,8,3688059695
12578308850,692700090,HTTP,Page SSL,200,8083,1613487613
12628610921,692700040,HTTP,Page 2,200,8,208198257
12634443760,692700096,HTTP,Page SSL,200,8083,1095300827
12684763346,692700046,HTTP,Page SSL,200,8083,591179039
12717094872,692700061,HTTP,Page SSL,200,8083,870766991
12789403138,692700082,HTTP,Page SSL,200,8083,822828904
12816986118,692700008,HTTP,Page SSL,200,8083,2937126281
12853775840,692700056,HTTP,Page SSL,200,8083,3555964503
12879720659,692700076,HTTP,Page SSL,200,8083,1519370198
12909715584,692700034,HTTP,Page SSL,200,8083,3588867891
12913135009,692700014,HTTP,Page SSL,200,8083,3517021860
12915779787,692700002,HTTP,Page SSL,200,8083,3577674562
12925603405,692700023,HTTP,Page SSL,200,8083,433487467
12928467067,692700035,HTTP,Page SSL,200,8083,1573522123
12936544083,692700072,HTTP,Page SSL,200,8083,1505075911
12953388337,692700033,HTTP,Page SSL,200,8083,403521960
12958945756,692700051,HTTP,Page SSL,200,8083,407317254
12997435486,692700040,HTTP,Page SSL,200,8083,367364443
13170863095,692700098,HTTP,Page 1,200,17,3177599839
13348339029,692700089,HTTP,Page SSL,200,8083,3442840517
13348705333,692700098,HTTP,Page 2,200,8,177630653
13465184692,692700083,HTTP,Page SSL,200,8083,4457932811
13598065336,692700069,HTTP,Page 1,200,17,3824412553
13616198420,692700062,HTTP,Page SSL,200,8083,3778712812
13686141497,692700098,HTTP,Page SSL,200,8083,335421417
13758707955,692700069,HTTP,Page 2,200,8,160470666
13931749227,692700080,HTTP,Page 1,200,17,5764019442
14104548433,692700080,HTTP,Page 2,200,8,172599285
14105429838,692700069,HTTP,Page SSL,200,8083,340005683
14440543631,692700080,HTTP,Page SSL,200,8083,335475265
